38
20
894
32
31
1426
1151
1016
1414
927
1579
1790
1349
33
1375
117
1866
1764
1701
1428
1284
1067
839
182
74
35
34
1894
1893
1890
1889
1888
1886
1885
1882
1881
1880
1879
1877
1876
1875
1873
1872
1865
1862
1850
1847
1846
1845
1842
1841
1840
1837
1836
1835
1834
1833
1832
1831
1830
1829
1828
1825
1824
1822
1820
1818
1813
1811
1808
1795
1793
1787
1786
1782
1777
1775
1773
1769
1765
1760
1755
1751
1750
1746
1743
1741
1738
1736
1735
1724
1720
1706
1704
1703
1702
1697
1696
1693
1688
1687
1677
1675
1632
1629
1619
1611
1591
1590
1586
1553
1544
1543
1524
1504
1491
1488
1487
1471
1454
1447
1443
1434
1433
1429
1427
1416
1407
1404
1403
1400
1396
1392
1391
1390
1388
1387
1383
1373
1367
1362
1361
1359
1353
1350
1307
1243
1240
1201
1192
1190
1189
1177
1175
1174
1162
1152
1150
1137
1129
1119
1106
1102
1101
1095
1093
1089
1077
1076
1074
1059
1057
1055
1043
1038
1034
1030
1028
1025
1022
1021
1017
1013
1011
1009
1000
999
998
992
986
978
974
973
968
967
965
962
958
957
952
950
946
944
941
932
931
930
929
922
920
919
909
907
905
902
901
898
886
885
884
878
875
874
873
871
869
868
859
852
850
845
841
840
834
829
326
321
318
307
305
296
287
286
285
284
279
278
277
276
275
274
273
271
262
220
206
205
202
188
180
177
171
140
121
106
105
101
100
84
81
78
77
71
70
68
66
64
62
61
59
42
30
29
